#Sample: SEC-SAXS
#q	I	Err_I	Err_q
  5.103730e-03   5.237870e+00   4.481014e-01   1.579770e-03
  5.844500e-03   4.130176e+00   3.219826e-01   1.646030e-03
  6.590150e-03   3.837088e+00   2.781368e-01   1.654490e-03
  7.333120e-03   3.452816e+00   2.444842e-01   1.662560e-03
  8.077480e-03   3.253949e+00   2.238415e-01   1.664080e-03
  8.828990e-03   3.508724e+00   2.152036e-01   1.674370e-03
  9.580530e-03   2.680196e+00   1.862648e-01   1.681310e-03
  1.032600e-02   2.411702e+00   1.729326e-01   1.686510e-03
  1.107780e-02   2.633078e+00   1.676241e-01   1.695760e-03
  1.182960e-02   2.076111e+00   1.498031e-01   1.706270e-03
  1.256820e-02   1.883740e+00   1.406050e-01   1.710600e-03
  1.331160e-02   1.995597e+00   1.359893e-01   1.721730e-03
  1.406500e-02   1.574901e+00   1.221877e-01   1.734470e-03
  1.481820e-02   1.581756e+00   1.178882e-01   1.744730e-03
  1.556740e-02   1.305996e+00   1.097182e-01   1.752510e-03
  1.631190e-02   1.299528e+00   1.071246e-01   1.764890e-03
  1.706180e-02   1.105124e+00   9.712859e-02   1.777660e-03
  1.781130e-02   1.046582e+00   9.513852e-02   1.791030e-03
  1.855890e-02   1.088872e+00   9.242379e-02   1.802480e-03
  1.930790e-02   7.528994e-01   8.175474e-02   1.816290e-03
  2.005260e-02   8.262071e-01   8.265382e-02   1.828070e-03
  2.080520e-02   7.382478e-01   7.725378e-02   1.842690e-03
  2.155470e-02   6.429498e-01   7.382340e-02   1.859540e-03
  2.229640e-02   5.775540e-01   7.041509e-02   1.872110e-03
  2.304540e-02   4.854167e-01   6.582275e-02   1.887550e-03
  2.379730e-02   5.721248e-01   6.703642e-02   1.904010e-03
  2.454780e-02   3.777486e-01   6.138035e-02   1.918570e-03
  2.529230e-02   3.302593e-01   5.818851e-02   1.934190e-03
  2.603320e-02   4.017532e-01   6.006408e-02   1.951880e-03
  2.678430e-02   5.878661e-01   6.289302e-02   1.970410e-03
  2.754040e-02   3.000061e-01   5.476497e-02   1.986400e-03
  2.828850e-02   3.089359e-01   5.456843e-02   2.003400e-03
  2.903110e-02   3.807746e-01   5.628391e-02   2.021830e-03
  2.977590e-02   3.753209e-01   5.499140e-02   2.039130e-03
  3.052250e-02   3.267761e-01   5.439562e-02   2.073980e-03
  3.127160e-02   4.316197e-01   5.688265e-02   2.102480e-03
  3.201730e-02   4.654695e-01   5.888961e-02   2.126640e-03
  3.276280e-02   2.528853e-01   5.274295e-02   2.148620e-03
  3.350950e-02   3.141955e-01   5.402562e-02   2.172120e-03
  3.426200e-02   3.341646e-01   5.437093e-02   2.190560e-03
  3.500850e-02   3.088565e-01   5.380829e-02   2.213700e-03
  3.574900e-02   2.246495e-01   5.126680e-02   2.234430e-03
  3.650280e-02   2.473909e-01   5.089832e-02   2.255510e-03
  3.725970e-02   1.793522e-01   4.909173e-02   2.275890e-03
  3.800150e-02   2.328357e-01   5.106644e-02   2.294370e-03
  3.874190e-02   1.665931e-01   4.851008e-02   2.316810e-03
  3.949010e-02   1.582184e-01   4.672145e-02   2.338060e-03
  4.024490e-02   1.222210e-01   4.563297e-02   2.359430e-03
  4.099160e-02   1.387749e-01   4.628863e-02   2.378120e-03
  4.173750e-02   2.338645e-01   4.880522e-02   2.400020e-03
  4.248580e-02   1.346182e-01   4.523178e-02   2.420350e-03
  4.323150e-02   1.964331e-01   4.738241e-02   2.443330e-03
  4.398510e-02   1.185855e-01   4.423584e-02   2.464490e-03
  4.472820e-02   8.700170e-02   4.445656e-02   2.485800e-03
  4.547090e-02   1.384046e-01   4.674302e-02   2.507850e-03
  4.622050e-02   7.693240e-02   4.765597e-02   2.533830e-03
  4.696660e-02   1.739818e-01   5.230383e-02   2.555390e-03
  4.771370e-02   1.251050e-01   5.101598e-02   2.576320e-03
  4.846470e-02   1.536671e-01   5.468875e-02   2.595970e-03
  4.921160e-02   7.514963e-02   5.102720e-02   2.614570e-03
  4.995680e-02   -2.891700e-02   4.968088e-02   2.631290e-03
  5.070080e-02   8.220595e-02   5.501711e-02   2.647370e-03
  5.144740e-02   6.293893e-02   5.541363e-02   2.665210e-03
  5.219430e-02   2.102837e-02   5.535602e-02   2.682540e-03
  5.294440e-02   1.407364e-01   5.990518e-02   2.696070e-03
  5.369250e-02   -3.784982e-03   5.479946e-02   2.709600e-03
  2.908870e-02   3.829582e-01   1.181095e-02   6.345910e-03
  3.342360e-02   2.655190e-01   6.318715e-03   6.641240e-03
  3.757130e-02   2.069939e-01   5.038748e-03   6.877440e-03
  4.176250e-02   1.577290e-01   4.396952e-03   6.989460e-03
  4.589430e-02   1.289450e-01   4.096468e-03   7.040430e-03
  5.011010e-02   1.054727e-01   3.760402e-03   7.102520e-03
  5.434300e-02   8.234078e-02   3.579916e-03   7.137070e-03
  5.850670e-02   6.926110e-02   3.431579e-03   7.194400e-03
  6.268050e-02   5.369319e-02   3.241073e-03   7.263320e-03
  6.691410e-02   4.534267e-02   3.084399e-03   7.326000e-03
  7.114540e-02   4.112558e-02   2.995432e-03   7.392150e-03
  7.531380e-02   3.228672e-02   2.907858e-03   7.452460e-03
  7.947310e-02   2.716230e-02   2.807396e-03   7.526190e-03
  8.366130e-02   2.647527e-02   2.718833e-03   7.608890e-03
  8.787800e-02   1.932905e-02   2.628790e-03   7.689460e-03
  9.208750e-02   1.830490e-02   2.572241e-03   7.766670e-03
  9.628520e-02   1.815411e-02   2.512673e-03   7.846850e-03
  1.004710e-01   1.823412e-02   2.462141e-03   7.935310e-03
  1.046450e-01   7.910485e-03   2.384604e-03   8.037010e-03
  1.088390e-01   1.137425e-02   2.336975e-03   8.117740e-03
  1.130370e-01   1.162802e-02   2.301014e-03   8.211910e-03
  1.172040e-01   1.074416e-02   2.263691e-03   8.318560e-03
  1.213870e-01   1.091642e-02   2.210363e-03   8.411230e-03
  1.255960e-01   9.811659e-03   2.170974e-03   8.513430e-03
  1.297810e-01   7.215247e-03   2.138172e-03   8.619460e-03
  1.339840e-01   9.662783e-03   2.090216e-03   8.728130e-03
  1.382050e-01   8.059646e-03   2.065174e-03   8.834630e-03
  1.424370e-01   6.599344e-03   2.017559e-03   8.943560e-03
  1.466300e-01   6.528385e-03   2.019411e-03   9.048900e-03
  1.508090e-01   8.164198e-03   1.973308e-03   9.170750e-03
  1.550150e-01   8.506386e-03   1.954833e-03   9.293860e-03
  1.591900e-01   7.905818e-03   1.933740e-03   9.396150e-03
  1.633690e-01   8.546479e-03   1.904154e-03   9.519300e-03
  1.675260e-01   5.625199e-03   1.890182e-03   9.673070e-03
  1.717390e-01   7.642595e-03   1.925031e-03   9.837870e-03
  1.759550e-01   4.807543e-03   1.918293e-03   9.971490e-03
  1.801990e-01   6.925870e-03   1.918968e-03   1.012110e-02
  1.844380e-01   4.866352e-03   1.915965e-03   1.025810e-02
  1.886290e-01   8.433092e-03   1.936662e-03   1.039030e-02
  1.927980e-01   4.274901e-03   1.914523e-03   1.051900e-02
  1.970000e-01   6.515646e-03   1.900222e-03   1.065910e-02
  2.011750e-01   6.067837e-03   1.915427e-03   1.078550e-02
  2.053570e-01   4.965079e-03   1.883048e-03   1.091700e-02
  2.095610e-01   9.731997e-03   1.893466e-03   1.105270e-02
  2.137320e-01   5.817397e-03   1.882960e-03   1.118250e-02
  2.179100e-01   5.122965e-03   1.867084e-03   1.131230e-02
  2.221150e-01   6.661229e-03   1.851889e-03   1.145100e-02
  2.263240e-01   6.588241e-03   1.849659e-03   1.158000e-02
  2.305130e-01   4.568947e-03   1.843385e-03   1.171810e-02
  2.347010e-01   8.304263e-03   1.829528e-03   1.185150e-02
  2.388900e-01   3.024118e-03   1.823920e-03   1.199140e-02
  2.430630e-01   7.297593e-03   1.823153e-03   1.211930e-02
  2.472260e-01   9.197415e-03   1.850326e-03   1.226530e-02
  2.514270e-01   3.019603e-03   1.899180e-03   1.240790e-02
  2.555440e-01   7.336377e-03   1.964224e-03   1.254280e-02
  2.597510e-01   5.613136e-03   2.036297e-03   1.269020e-02
  2.639560e-01   1.018622e-02   2.126059e-03   1.282150e-02
  2.681120e-01   6.999839e-03   2.185752e-03   1.295180e-02
  2.723100e-01   6.844309e-03   2.208022e-03   1.306060e-02
  2.765820e-01   5.660973e-03   2.255727e-03   1.320060e-02
  2.808190e-01   1.035108e-02   2.338780e-03   1.331980e-02
  2.850120e-01   9.233319e-03   2.396793e-03   1.344020e-02
  2.891770e-01   9.887701e-03   2.453283e-03   1.356590e-02
  2.933480e-01   9.329058e-03   2.501294e-03   1.368210e-02
  2.975300e-01   1.083587e-02   2.533957e-03   1.380480e-02
  3.017160e-01   6.097700e-03   2.550041e-03   1.392730e-02
  3.058830e-01   3.935550e-03   2.565137e-03   1.406190e-02
  3.100660e-01   6.831810e-03   2.565042e-03   1.420410e-02
  3.142370e-01   8.575251e-03   2.605505e-03   1.433920e-02
  3.183530e-01   8.670750e-03   2.622411e-03   1.447440e-02
  3.226010e-01   5.610540e-03   2.536209e-03   1.459990e-02
  3.269060e-01   3.056293e-03   2.577901e-03   1.475600e-02
  3.311150e-01   8.463566e-03   2.619647e-03   1.490010e-02
  3.352770e-01   8.993502e-03   2.634837e-03   1.504080e-02
  3.394580e-01   5.060928e-03   2.608824e-03   1.518980e-02
  3.436500e-01   8.398889e-03   2.641998e-03   1.533930e-02
  3.477920e-01   6.276287e-03   2.660781e-03   1.548190e-02
  3.519030e-01   5.978926e-03   2.672770e-03   1.562520e-02
  3.560370e-01   5.811529e-03   2.658433e-03   1.577480e-02
  3.603490e-01   5.613005e-03   2.960976e-03   1.599690e-02
  3.645530e-01   2.067336e-03   3.195347e-03   1.617830e-02
  3.687300e-01   4.391102e-03   3.364871e-03   1.636000e-02
  3.729410e-01   2.234878e-04   3.542657e-03   1.653340e-02
  3.771550e-01   1.004890e-02   3.794377e-03   1.670710e-02
  3.813100e-01   1.661889e-03   4.033813e-03   1.687360e-02
  3.854520e-01   1.290553e-02   4.297684e-03   1.704440e-02
  3.896430e-01   1.468945e-05   4.521223e-03   1.720860e-02
  3.938510e-01   5.569770e-03   4.918507e-03   1.737810e-02
  3.980690e-01   1.151211e-02   5.308870e-03   1.754850e-02
  4.023040e-01   9.909973e-03   5.944373e-03   1.771310e-02
  4.063540e-01   -8.323222e-03   6.707496e-03   1.787410e-02
  4.104430e-01   7.952935e-03   7.499684e-03   1.803650e-02
  4.147120e-01   3.834532e-03   9.066565e-03   1.820580e-02
  4.187250e-01   3.678216e-03   1.360749e-02   1.836550e-02
  4.225340e-01   2.570266e-02   2.246794e-02   1.852030e-02
